4592
685
4900
4264
632
2687
4905
4919
4449
233
1843
3952
2937
2425
3937
2439
1370
3250
3662
3378
2
2476
2148
1151
1706
2028
4922
4210
4847
44
2601
541
3133
3484
2231
1158
2173
3867
3300
3078
2143
2358
1869
4612
1672
3054
1614
1468
2646
3198
1903
4600
828
583
2565
2177
1359
1758
770
2173
3615
346
4606
3442
2189
3384
2414
1904
2304
4785
2805
2109
1574
2078
3518
2402
1159
4932
375
2336
2658
1350
3998
2346
770
4457
176
3536
4853
1237
2411
4077
2251
3258
1950
771
4156
4234
1950
4717
4274
770
2978
53
515
3292
3144
484
3414
1345
2524
4317
965
3931
2231
937
2627
1469
3528
3868
2529
4653
1073
704
767
96
3883
4002
2953
2476
587
3041
1862
4710
4245
4226
2304
1648
2297
2975
1576
3090
2641
4811
2968
4702
1759
939
840
4360
3371
2225
385
4477
804
2891
4729
2750
3564
3607
2719
4671
2829
1234
3322
2845
2501
2078
2736
3423
2805
3487
2227
1322
1184
3729
4336
4454
4314
651
3746
910
1832
1487
2703
3442
4815
4473
3153
914
3954
3089
3646
4885
2429
4168
3790
3047
4358
2057
1736
1310
705
10
2889
2211
2478
4808
783
2564
4658
2947
4005
4535
1873
4304
1763
1040
3625
4291
4048
3129
1581
3676
1123
3849
4922
3352
3441
3175
173
4102
2381
4776
4298
3862
4702
4893
453
2405
314
4446
1520
2634
2536
109
4099
1980
2890
2923
4673
1057
3446
2244
4199
848
1407
2667
4016
1184
3411
4620
276
4530
4392
3349
4376
4055
420
2133
2129
4602
1157
228
2154
2945
1273
2549
4189
2545
3031
2013
1650
1072
558
3558
3448
2932
1019
3191
1919
2565
4556
896
289
1745
4005
3473
1418
3047
1668
1325
4224
1872
4289
2782
4535
637
663
107
2727
3132
2745
2804
4090
3317
2598
3814
4814
2796
2896
3261
3006
2710
1684
4133
2048
3917
3918
2526
4956
4639
2133
1375
358
170
1966
2826
3825
458
1790
4717
3825
1132
736
485
2895
4635
3866
2640
4102
1128
4084
781
322
2303
3419
4165
2056
865
438
1509
1940
4968
913
3779
3934
2410
724
742
1748
973
1965
3746
2047
1262
174
1459
3104
3437
1651
3334
1139
3252
445
4053
2064
1829
2397
4053
4708
2623
14
3392
2761
1416
430
2964
960
2603
3228
1118
3854
1675
2327
970
2998
2300
3887
784
3534
2743
217
1070
185
910
4557
3234
1125
4146
3589
4821
2071
2510
499
4066
2664
3031
158
3489
940
2835
2092
3480
1091
1159
1473
1200
3304
1056
3430
213
503
667
3611
1003
1506
2224
3977
4912
3171
1516
2573
4325
704
3746
509
4769
2064
1882
2448
4038
677
3689
4166
1095
2349
1392
4031
4075
2358
2334
434
758
2760
229
4394
2566
876
3188
35
947
4870
4579
1908
4232
2914
3051
707
4365
4685
3330
4801
2769
228
2139
4747
3649
3056
3894
4632
2078
1424
585
3093
1833
1477
3497
419
853
1918
343
2789
4226
4863
4576
704
1224
1050
671
2407
2273
631
4691
4335
412
4121
4067
879
376
4601
3868
1998
4208
3819
1533
1591
1554
4787
684
2957
1892
989
3167
3697
2362
530
4424
4036
1718
2149
851
3882
927
2245
1245
480
1580
2948
3558
4736
477
4428
1513
1999
1601
1657
3995
4271
269
1718
1473
957
3684
2755
2378
3573
404
2703
2979
607
3445
4351
2504
4113
2796
3258
490
4908
613
4752
639
3252
1475
1311
1740
4864
1513
4046
2702
897
1393
1633
3176
1348
2351
2447
2464
528
3583
3017
3235
2145
4349
3433
2982
2982
556
2980
2441
3249
3621
1432
3650
3792
4928
1898
1610
1600
521
3757
2693
1453
3478
3386
753
2311
4208
4837
4022
409
1003
198
1393
4906
3245
1345
2403
2444
3965
1311
2665
2563
2465
4149
2010
4679
3719
1243
1575
4764
3593
1081
2602
4747
2037
4703
3669
471
2085
868
835
3890
4877
3464
3407
809
905
4849
2278
4026
2258
855
3745
878
1693
3939
1634
810
4636
4918
1687
1836
1478
4811
738
716
2576
164
2380
1040
1465
155
1490
4990
1720
1525
1620
3867
2441
3309
2535
823
2802
1320
832
826
3349
4106
2359
683
1292
1858
2895
2415
3412
2670
4863
1709
3241
4639
2391
1486
157
3213
3778
344
382
4149
2827
3100
3493
2035
2624
3301
4009
4720
3368
918
3774
1013
132
2811
124
2698
4615
4440
4286
1944
1319
4404
1869
658
3625
4596
2456
22
1986
3970
952
1308
863
4457
2486
2294
1990
1577
1971
2943
1675
2848
3593
433
202
1661
1612
1161
23
620
4853
4960
4894
3298
2676
1792
2896
3074
2738
4176
4484
1938
1040
1036
2681
3299
2830
4321
3487
3588
3636
4194
3358
718
4817
392
2813
4356
2216
984
3084
380
2415
4470
2822
3033
2465
4543
2286
4266
3277
988
4852
3509
520
442
499
1053
307
2238
1801
1058
362
2241
1870
395
1091
2576
1460
1921
3181
4648
2776
1490
1008
931
4103
475
4306
2839
3844
1683
835
1771
1137
1148
17
1545
4772
4599
4919
785
3455
2310
1049
4470
477
891
2958
619
3930
4608
2421
620
1810
297
444
224
1677
4133
660
1517
1924
4538
4186
4864
3436
751
1850
4317
2595
443
175
3239
4311
2015
894
4980
1655
557
4833
2711
1602
3179
2032
4599
4858
3061
3877
3922
481
3643
292
2022
4084
2882
2
645
3712
4140
1682
3810
460
4541
3375
4987
2352
3184
22
48
2864
1481
647
2725
1625
1726
163
4662
2262
659
4864
601
3556
2904
2193
3847
705
4732
3532
886
1194
3019
4645
2008
4346
2063
1363
735
3873
69
4822
4107
3147
3993
1306
2676
3818
1704
77
752
4643
1220
1979
334
2596
2816
2823
1611
4739
1741
4678
20
674
2173
1936
1781
1072
1647
3450
1810
1766
2871
